4294967294,911
4294967294,909
4294967294,906
4294967294,904
4294967294,901
4294967294,535
4294967294,534
4294967294,523
4294967294,519
4294967294,518
4294967294,517
4294967294,515
4294967294,443
4294967294,442
4294967294,441
4294967294,440
4294967294,430
4294967294,428
4294967294,426
4294967294,425
4294967294,424
4294967294,422
4294967294,421
4294967294,416
4294967294,409
4294967294,401
4294967294,396
4294967294,394
4294967294,391
4294967294,390
4294967294,155
4294967294,154
4294967294,35
4294967294,7
4294967294,6
4294967278,282
4294967294,8
4294967294,59
4294967294,58
4294967294,187
4294967294,181
4294967294,184
4294967294,182
4294967294,180
4294967294,176
4294967294,190
4294967294,175
4294967294,174
4294967294,173
4294967294,172
4294967294,171
4294967294,169
4294967294,183
4294967294,164
4294967294,189
4294967294,163
4294967294,954
4294967294,533
4294967294,516
4294967294,532
4294967294,527
4294967294,432
4294967294,419
4294967294,14
4294967294,13
4294967294,12
4294967278,277
4294967278,260
4294967278,0
4294967294,20
4294967294,19
4294967294,18
4294967294,5
4294967294,418
4294967294,914
4294967294,438
4294967294,427
4294967294,408
4294967294,413
4294967294,923
4294967294,951
4294967294,417
4294967294,385
4294967294,177
4294967294,191
4294967294,405
4294967294,402
4294967294,899
4294967294,953
4294967294,921
4294967294,412
4294967294,404
4294967294,160
4294967294,168
4294967294,165
4294967294,162
4294967294,386
4294967294,161
4294967294,179
4294967294,188
4294967294,900
4294967294,918
4294967294,170
4294967294,902
4294967294,53
4294967294,52
4294967294,415
4294967294,387
4294967294,51
4294967294,49
4294967294,48
4294967294,47
4294967294,393
4294967294,392
4294967294,45
4294967294,389
4294967294,388
4294967294,44
4294967294,423
4294967294,43
4294967294,42
4294967294,41
4294967294,40
4294967294,39
4294967294,38
4294967294,37
4294967294,36
4294967294,397
4294967294,952
4294967294,903
4294967294,29
4294967294,185
4294967294,905
4294967278,487
4294967278,486
4294967278,485
4294967278,484
4294967278,483
4294967278,482
4294967278,481
4294967278,480
4294967278,479
4294967278,478
4294967278,477
4294967278,476
4294967278,475
4294967278,474
4294967278,473
4294967278,472
4294967278,471
4294967278,470
4294967278,469
4294967278,468
4294967278,467
4294967278,466
4294967278,465
4294967278,464
4294967278,463
4294967278,462
4294967278,461
4294967278,460
4294967278,459
4294967278,458
4294967278,457
4294967278,456
4294967278,455
4294967278,454
4294967278,453
4294967278,452
4294967278,451
4294967278,450
4294967278,449
4294967278,448
4294967278,383
4294967278,382
4294967278,381
4294967278,380
4294967278,379
4294967278,378
4294967278,377
4294967278,376
4294967278,375
4294967278,374
4294967278,373
4294967278,372
4294967278,371
4294967278,370
4294967278,369
4294967278,368
4294967278,367
4294967278,366
4294967278,365
4294967278,364
4294967278,363
4294967278,362
4294967278,361
4294967278,360
4294967278,359
4294967278,358
4294967278,357
4294967278,356
4294967278,355
4294967278,354
4294967278,353
4294967278,352
4294967278,351
4294967278,350
4294967278,349
4294967294,972
4294967294,971
4294967294,969
4294967294,469
4294967294,467
4294967294,966
4294967294,968
4294967294,466
4294967294,967
4294967294,457
4294967294,454
4294967294,126
4294967294,127
4294967294,970
4294967294,960
4294967294,468
4294967294,470
4294967294,451
4294967294,120
4294967294,119
4294967294,118
4294967294,117
4294967294,116
4294967294,113
4294967294,112
4294967294,111
4294967294,110
4294967294,109
4294967294,114
4294967294,108
4294967294,107
4294967294,106
4294967294,105
4294967294,104
4294967294,103
4294967294,102
4294967294,101
4294967294,100
4294967294,99
4294967294,98
4294967294,97
4294967294,92
4294967294,91
4294967294,90
4294967294,88
4294967294,87
4294967294,86
4294967294,85
4294967294,84
4294967294,83
4294967294,964
4294967294,82
4294967294,80
4294967294,79
4294967294,78
4294967294,77
4294967294,76
4294967294,75
